WIDTH 7
HEIGHT 7
REPLICATIONS 5
MAX_STEPS 5
PROBS 0.25 0.25 0.25 0.25
WORLD_TYPE 2
OBSTACLE_DENSITY 0.40000000000000002
OBSTACLES
0 0 0 1 1 1 0
1 1 0 0 1 0 0
1 1 1 0 1 0 1
0 0 0 0 0 0 0
1 0 1 1 1 0 0
0 1 1 0 0 0 0
1 0 1 0 1 0 0
SUMMARY
0 0
0 0
0 0
0 0
0 0
0 0
0 0
0 0
0 0
0 0
3 0.40000000000000002
0 0
0 0
0 0
0 0
0 0
0 0
1.75 0.80000000000000004
0 0
4 0.20000000000000001
0 0
5 0.20000000000000001
5 0.20000000000000001
2 0.59999999999999998
0 1
2.5 0.40000000000000002
0 0
4 0.20000000000000001
0 0
0 0
0 0
0 0
0 0
0 0
5 0.20000000000000001
0 0
0 0
0 0
0 0
0 0
0 0
0 0
0 0
0 0
0 0
0 0
0 0
0 0
0 0
