WIDTH 7
HEIGHT 7
REPLICATIONS 5
MAX_STEPS 5
PROBS 0.25 0.25 0.25 0.25
WORLD_TYPE 2
OBSTACLE_DENSITY 0.29999999999999999
OBSTACLES
0 0 0 0 1 0 0
0 0 0 1 1 0 0
0 1 0 1 0 0 0
0 1 0 0 0 1 0
0 1 0 0 1 1 0
0 1 0 1 0 1 0
1 0 0 0 0 0 0
SUMMARY
0 0
0 0
0 0
0 0
0 0
0 0
0 0
0 0
0 0
0 0
0 0
0 0
4 0.20000000000000001
0 0
0 0
0 0
0 0
0 0
3 0.20000000000000001
0 0
0 0
0 0
0 0
1 0.40000000000000002
0 1
2.5 0.40000000000000002
0 0
0 0
0 0
0 0
3 0.20000000000000001
2.5 0.40000000000000002
0 0
0 0
0 0
0 0
0 0
0 0
0 0
0 0
0 0
0 0
0 0
0 0
0 0
0 0
0 0
0 0
0 0
