WIDTH 9
HEIGHT 9
REPLICATIONS 5
MAX_STEPS 5
PROBS 0.25 0.25 0.25 0.25
WORLD_TYPE 2
OBSTACLE_DENSITY 0.29999999999999999
OBSTACLES
0 0 0 0 0 0 0 0 0
0 0 1 1 1 1 1 1 0
0 0 1 0 0 0 0 1 0
1 1 0 0 0 0 0 0 1
0 0 0 0 0 0 0 0 0
0 0 0 0 1 0 1 1 1
1 0 0 0 0 0 0 0 1
0 0 1 0 0 1 0 0 0
0 1 1 0 0 0 0 0 0
SUMMARY
0 0
0 0
0 0
0 0
0 0
0 0
0 0
0 0
0 0
0 0
0 0
0 0
0 0
0 0
0 0
0 0
0 0
0 0
0 0
0 0
0 0
3 0.20000000000000001
0 0
3 0.20000000000000001
0 0
0 0
0 0
0 0
0 0
0 0
3.25 0.80000000000000004
2 0.40000000000000002
2 0.20000000000000001
0 0
4 0.20000000000000001
0 0
0 0
0 0
0 0
2 0.40000000000000002
0 1
1 0.20000000000000001
0 0
0 0
0 0
0 0
0 0
0 0
0 0
0 0
0 0
0 0
0 0
0 0
0 0
0 0
0 0
0 0
0 0
5 0.20000000000000001
0 0
0 0
0 0
0 0
0 0
0 0
0 0
0 0
0 0
0 0
0 0
0 0
0 0
0 0
0 0
0 0
0 0
0 0
0 0
0 0
0 0
