WIDTH 9
HEIGHT 9
REPLICATIONS 5
MAX_STEPS 10
PROBS 0.25 0.25 0.25 0.25
WORLD_TYPE 2
OBSTACLE_DENSITY 0.29999999999999999
OBSTACLES
0 0 0 0 0 0 1 1 0
0 0 0 1 0 0 0 0 0
0 0 0 1 0 1 0 1 0
0 1 0 0 0 0 0 0 0
0 0 1 1 0 0 1 1 0
0 0 0 1 0 0 0 0 0
1 1 0 1 0 1 0 0 1
1 1 1 0 0 1 1 1 0
1 1 0 0 0 0 0 1 0
SUMMARY
0 0
0 0
0 0
8 0.20000000000000001
0 0
0 0
0 0
0 0
0 0
0 0
0 0
0 0
0 0
7 0.40000000000000002
9 0.20000000000000001
0 0
0 0
0 0
0 0
0 0
0 0
0 0
4.5 0.40000000000000002
0 0
0 0
0 0
0 0
0 0
0 0
4 0.20000000000000001
6.666666666666667 0.59999999999999998
1.6666666666666667 0.59999999999999998
4.666666666666667 0.59999999999999998
7 0.20000000000000001
9 0.20000000000000001
0 0
0 0
0 0
0 0
0 0
0 1
1.6666666666666667 0.59999999999999998
0 0
0 0
0 0
0 0
0 0
0 0
0 0
1.5 0.80000000000000004
2 0.20000000000000001
5.5 0.40000000000000002
0 0
0 0
0 0
0 0
0 0
0 0
4 0.20000000000000001
0 0
0 0
9 0.20000000000000001
0 0
0 0
0 0
0 0
0 0
6.5 0.40000000000000002
0 0
0 0
0 0
0 0
0 0
0 0
0 0
0 0
0 0
0 0
0 0
0 0
0 0
