WIDTH 7
HEIGHT 7
REPLICATIONS 5
MAX_STEPS 3
PROBS 0.25 0.25 0.25 0.25
WORLD_TYPE 2
OBSTACLE_DENSITY 0.20000000000000001
OBSTACLES
1 0 1 0 1 0 0
0 0 0 1 0 1 0
0 0 1 0 0 0 0
1 0 1 0 1 1 0
0 0 0 0 1 1 0
0 0 0 0 0 0 0
1 0 0 0 0 0 0
SUMMARY
0 0
0 0
0 0
0 0
0 0
0 0
0 0
0 0
0 0
0 0
0 0
0 0
0 0
0 0
0 0
0 0
0 0
1.25 0.80000000000000004
0 0
0 0
0 0
0 0
0 0
0 0
0 1
0 0
0 0
0 0
0 0
0 0
0 0
1.3333333333333333 0.59999999999999998
0 0
0 0
0 0
0 0
0 0
0 0
2 0.20000000000000001
0 0
0 0
0 0
0 0
0 0
0 0
0 0
0 0
0 0
0 0
