WIDTH 15
HEIGHT 15
REPLICATIONS 10
MAX_STEPS 10
PROBS 0.25 0.25 0.25 0.25
WORLD_TYPE 2
OBSTACLE_DENSITY 0.29999999999999999
OBSTACLES
1 0 0 1 0 1 0 0 0 0 0 0 0 0 0
1 0 0 0 1 1 0 1 0 0 0 0 0 0 1
0 0 1 0 0 0 0 0 0 0 0 0 0 1 0
0 0 0 0 1 0 0 0 1 1 0 0 0 0 0
1 0 0 0 0 0 0 1 0 0 1 1 0 1 1
0 1 0 0 1 0 0 0 1 0 0 1 0 0 0
0 0 0 0 1 0 0 0 0 0 1 0 1 1 1
0 0 1 0 0 1 0 0 1 0 1 0 0 0 0
1 0 1 0 1 0 0 0 0 0 1 1 1 0 0
0 1 0 0 1 0 0 0 1 0 1 0 0 1 0
0 0 0 0 1 0 1 1 0 0 0 0 0 0 0
0 0 0 0 0 1 0 0 0 0 1 1 0 0 0
0 1 1 0 1 0 0 0 0 0 0 0 0 1 1
0 0 0 1 1 0 1 0 1 1 0 1 0 0 0
0 0 0 1 0 0 0 0 0 1 1 1 1 0 1
SUMMARY
0 0
0 0
0 0
0 0
0 0
0 0
0 0
0 0
0 0
0 0
0 0
0 0
0 0
0 0
0 0
0 0
0 0
0 0
0 0
0 0
0 0
0 0
0 0
0 0
0 0
0 0
0 0
0 0
0 0
0 0
0 0
0 0
0 0
0 0
0 0
0 0
0 0
0 0
0 0
0 0
0 0
0 0
0 0
0 0
0 0
0 0
0 0
0 0
0 0
0 0
0 0
7 0.10000000000000001
0 0
0 0
0 0
0 0
0 0
0 0
0 0
0 0
0 0
0 0
0 0
0 0
0 0
5 0.10000000000000001
9.5 0.20000000000000001
0 0
0 0
0 0
0 0
0 0
0 0
0 0
0 0
0 0
0 0
0 0
0 0
0 0
7 0.10000000000000001
6.5 0.20000000000000001
2 0.10000000000000001
0 0
0 0
0 0
0 0
0 0
0 0
0 0
0 0
0 0
0 0
0 0
0 0
6 0.10000000000000001
3 0.5
2.5714285714285716 0.69999999999999996
4 0.20000000000000001
0 0
0 0
0 0
0 0
0 0
0 0
0 0
0 0
0 0
0 0
0 0
0 0
2.5 0.40000000000000002
0 1
0 0
0 0
0 0
0 0
0 0
0 0
0 0
0 0
0 0
0 0
0 0
0 0
4.5 0.20000000000000001
2 0.10000000000000001
2 0.40000000000000002
4.5 0.40000000000000002
0 0
0 0
0 0
0 0
0 0
0 0
0 0
0 0
0 0
0 0
0 0
8 0.10000000000000001
5.333333333333333 0.29999999999999999
6.25 0.40000000000000002
0 0
9 0.10000000000000001
0 0
0 0
0 0
0 0
0 0
0 0
0 0
0 0
0 0
0 0
10 0.10000000000000001
0 0
0 0
0 0
10 0.10000000000000001
0 0
0 0
0 0
0 0
0 0
0 0
0 0
0 0
0 0
0 0
0 0
0 0
0 0
0 0
0 0
0 0
0 0
0 0
0 0
0 0
0 0
0 0
0 0
0 0
0 0
0 0
0 0
0 0
0 0
0 0
0 0
0 0
0 0
0 0
0 0
0 0
0 0
0 0
0 0
0 0
0 0
0 0
0 0
0 0
0 0
0 0
0 0
0 0
0 0
0 0
0 0
0 0
0 0
0 0
0 0
0 0
0 0
0 0
0 0
0 0
0 0
0 0
0 0
0 0
0 0
